14
15
20
13
16
18
23
41
4
16
17
18
55
14
19
20
13
22
23
28
21
24
26
31
45
8
24
25
26
63
22
27
28
21
30
31
36
29
32
34
735
757
12
32
33
34
71
30
35
36
18
22
17
20
56
19
23
55
18
40
50
49
20
26
30
25
28
64
27
31
63
26
44
58
57
28
34
721
734
33
36
72
35
71
735
34
48
66
65
36
50
51
56
49
52
54
59
77
40
52
53
54
91
50
55
56
49
58
59
64
57
60
62
67
81
44
60
61
62
99
58
63
64
57
66
67
72
65
68
70
771
793
48
68
69
70
107
66
71
72
54
58
53
56
92
55
59
91
54
76
86
85
56
62
66
61
64
100
63
67
99
62
80
94
93
64
70
757
770
69
72
108
71
107
771
70
84
102
101
72
86
87
92
85
88
90
95
113
76
88
89
90
127
86
91
92
85
94
95
100
93
96
98
103
117
80
96
97
98
135
94
99
100
93
102
103
108
101
104
106
807
829
84
104
105
106
143
102
107
108
90
94
89
92
128
91
95
127
90
112
122
121
92
98
102
97
100
136
99
103
135
98
116
130
129
100
106
793
806
105
108
144
107
143
807
106
120
138
137
108
122
123
128
121
124
126
131
149
112
124
125
126
163
122
127
128
121
130
131
136
129
132
134
139
153
116
132
133
134
171
130
135
136
129
138
139
144
137
140
142
843
865
120
140
141
142
179
138
143
144
126
130
125
128
164
127
131
163
126
148
158
157
128
134
138
133
136
172
135
139
171
134
152
166
165
136
142
829
842
141
144
180
143
179
843
142
156
174
173
144
158
159
164
157
160
162
167
185
148
160
161
162
199
158
163
164
157
166
167
172
165
168
170
175
189
152
168
169
170
207
166
171
172
165
174
175
180
173
176
178
879
901
156
176
177
178
215
174
179
180
162
166
161
164
200
163
167
199
162
184
194
193
164
170
174
169
172
208
171
175
207
170
188
202
201
172
178
865
878
177
180
216
179
215
879
178
192
210
209
180
194
195
200
193
196
198
203
221
184
196
197
198
235
194
199
200
193
202
203
208
201
204
206
211
225
188
204
205
206
243
202
207
208
201
210
211
216
209
212
214
915
937
192
212
213
214
251
210
215
216
198
202
197
200
236
199
203
235
198
220
230
229
200
206
210
205
208
244
207
211
243
206
224
238
237
208
214
901
914
213
216
252
215
251
915
214
228
246
245
216
230
231
236
229
232
234
239
257
220
232
233
234
271
230
235
236
229
238
239
244
237
240
242
247
261
224
240
241
242
279
238
243
244
237
246
247
252
245
248
250
951
973
228
248
249
250
287
246
251
252
234
238
233
236
272
235
239
271
234
256
266
265
236
242
246
241
244
280
243
247
279
242
260
274
273
244
250
937
950
249
252
288
251
287
951
250
264
282
281
252
266
267
272
265
268
270
275
293
256
268
269
270
307
266
271
272
265
274
275
280
273
276
278
283
297
260
276
277
278
315
274
279
280
273
282
283
288
281
284
286
987
1009
264
284
285
286
323
282
287
288
270
274
269
272
308
271
275
307
270
292
302
301
272
278
282
277
280
316
279
283
315
278
296
310
309
280
286
973
986
285
288
324
287
323
987
286
300
318
317
288
302
303
308
301
304
306
311
329
292
304
305
306
343
302
307
308
301
310
311
316
309
312
314
319
333
296
312
313
314
351
310
315
316
309
318
319
324
317
320
322
1023
1045
300
320
321
322
359
318
323
324
306
310
305
308
344
307
311
343
306
328
338
337
308
314
318
313
316
352
315
319
351
314
332
346
345
316
322
1009
1022
321
324
360
323
359
1023
322
336
354
353
324
338
339
344
337
340
342
347
365
328
340
341
342
379
338
343
344
337
346
347
352
345
348
350
355
369
332
348
349
350
387
346
351
352
345
354
355
360
353
356
358
1059
1081
336
356
357
358
395
354
359
360
342
346
341
344
380
343
347
379
342
364
374
373
344
350
354
349
352
388
351
355
387
350
368
382
381
352
358
1045
1058
357
360
396
359
395
1059
358
372
390
389
360
374
375
380
373
376
378
383
401
364
376
377
378
415
374
379
380
373
382
383
388
381
384
386
391
405
368
384
385
386
423
382
387
388
381
390
391
396
389
392
394
1095
1117
372
392
393
394
431
390
395
396
378
382
377
380
416
379
383
415
378
400
410
409
380
386
390
385
388
424
387
391
423
386
404
418
417
388
394
1081
1094
393
396
432
395
431
1095
394
408
426
425
396
410
411
416
409
412
414
419
437
400
412
413
414
451
410
415
416
409
418
419
424
417
420
422
427
441
404
420
421
422
459
418
423
424
417
426
427
432
425
428
430
1131
1153
408
428
429
430
467
426
431
432
414
418
413
416
452
415
419
451
414
436
446
445
416
422
426
421
424
460
423
427
459
422
440
454
453
424
430
1117
1130
429
432
468
431
467
1131
430
444
462
461
432
446
447
452
445
448
450
455
473
436
448
449
450
487
446
451
452
445
454
455
460
453
456
458
463
477
440
456
457
458
495
454
459
460
453
462
463
468
461
464
466
1167
1189
444
464
465
466
503
462
467
468
450
454
449
452
488
451
455
487
450
472
482
481
452
458
462
457
460
496
459
463
495
458
476
490
489
460
466
1153
1166
465
468
504
467
503
1167
466
480
498
497
468
482
483
488
481
484
486
491
509
472
484
485
486
523
482
487
488
481
490
491
496
489
492
494
499
513
476
492
493
494
531
490
495
496
489
498
499
504
497
500
502
1203
1225
480
500
501
502
539
498
503
504
486
490
485
488
524
487
491
523
486
508
518
517
488
494
498
493
496
532
495
499
531
494
512
526
525
496
502
1189
1202
501
504
540
503
539
1203
502
516
534
533
504
518
519
524
517
520
522
527
545
508
520
521
522
559
518
523
524
517
526
527
532
525
528
530
535
549
512
528
529
530
567
526
531
532
525
534
535
540
533
536
538
1239
1261
516
536
537
538
575
534
539
540
522
526
521
524
560
523
527
559
522
544
554
553
524
530
534
529
532
568
531
535
567
530
548
562
561
532
538
1225
1238
537
540
576
539
575
1239
538
552
570
569
540
554
555
560
553
556
558
563
581
544
556
557
558
595
554
559
560
553
562
563
568
561
564
566
571
585
548
564
565
566
603
562
567
568
561
570
571
576
569
572
574
1275
1297
552
572
573
574
611
570
575
576
558
562
557
560
596
559
563
595
558
580
590
589
560
566
570
565
568
604
567
571
603
566
584
598
597
568
574
1261
1274
573
576
612
575
611
1275
574
588
606
605
576
590
591
596
589
592
594
599
617
580
592
593
594
631
590
595
596
589
598
599
604
597
600
602
607
621
584
600
601
602
639
598
603
604
597
606
607
612
605
608
610
1311
1333
588
608
609
610
647
606
611
612
594
598
593
596
632
595
599
631
594
616
626
625
596
602
606
601
604
640
603
607
639
602
620
634
633
604
610
1297
1310
609
612
648
611
647
1311
610
624
642
641
612
626
627
632
625
628
630
635
653
616
628
629
630
667
626
631
632
625
634
635
640
633
636
638
643
657
620
636
637
638
675
634
639
640
633
642
643
648
641
644
646
1347
1369
624
644
645
646
683
642
647
648
630
634
629
632
668
631
635
667
630
652
662
661
632
638
642
637
640
676
639
643
675
638
656
670
669
640
646
1333
1346
645
648
684
647
683
1347
646
660
678
677
648
662
663
668
661
664
666
671
689
652
664
665
666
703
662
667
668
661
670
671
676
669
672
674
679
693
656
672
673
674
711
670
675
676
669
678
679
684
677
680
682
1383
1405
660
680
681
682
719
678
683
684
666
670
665
668
704
667
671
703
666
688
698
697
668
674
678
673
676
712
675
679
711
674
692
706
705
676
682
1369
1382
681
684
720
683
719
1383
682
696
714
713
684
698
699
704
697
700
702
707
688
700
701
702
698
703
704
697
706
707
712
705
708
710
715
692
708
709
710
706
711
712
705
714
715
720
713
716
718
1419
696
716
717
718
714
719
720
702
706
701
704
703
707
702
704
710
714
709
712
711
715
710
712
718
1405
1418
717
720
719
1419
718
720
734
735
740
733
736
738
743
761
724
736
737
738
775
734
739
740
733
742
743
748
741
744
746
751
765
728
744
745
746
783
742
747
748
741
750
751
756
749
752
754
1455
1477
732
752
753
754
791
750
755
756
738
742
737
740
776
739
743
775
738
760
770
769
740
746
750
745
748
784
747
751
783
746
764
778
777
748
754
1441
1454
753
756
792
755
791
1455
754
768
786
785
756
770
771
776
769
772
774
779
797
760
772
773
774
811
770
775
776
769
778
779
784
777
780
782
787
801
764
780
781
782
819
778
783
784
777
786
787
792
785
788
790
1491
1513
768
788
789
790
827
786
791
792
774
778
773
776
812
775
779
811
774
796
806
805
776
782
786
781
784
820
783
787
819
782
800
814
813
784
790
1477
1490
789
792
828
791
827
1491
790
804
822
821
792
806
807
812
805
808
810
815
833
796
808
809
810
847
806
811
812
805
814
815
820
813
816
818
823
837
800
816
817
818
855
814
819
820
813
822
823
828
821
824
826
1527
1549
804
824
825
826
863
822
827
828
810
814
809
812
848
811
815
847
810
832
842
841
812
818
822
817
820
856
819
823
855
818
836
850
849
820
826
1513
1526
825
828
864
827
863
1527
826
840
858
857
828
842
843
848
841
844
846
851
869
832
844
845
846
883
842
847
848
841
850
851
856
849
852
854
859
873
836
852
853
854
891
850
855
856
849
858
859
864
857
860
862
1563
1585
840
860
861
862
899
858
863
864
846
850
845
848
884
847
851
883
846
868
878
877
848
854
858
853
856
892
855
859
891
854
872
886
885
856
862
1549
1562
861
864
900
863
899
1563
862
876
894
893
864
878
879
884
877
880
882
887
905
868
880
881
882
919
878
883
884
877
886
887
892
885
888
890
895
909
872
888
889
890
927
886
891
892
885
894
895
900
893
896
898
1599
1621
876
896
897
898
935
894
899
900
882
886
881
884
920
883
887
919
882
904
914
913
884
890
894
889
892
928
891
895
927
890
908
922
921
892
898
1585
1598
897
900
936
899
935
1599
898
912
930
929
900
914
915
920
913
916
918
923
941
904
916
917
918
955
914
919
920
913
922
923
928
921
924
926
931
945
908
924
925
926
963
922
927
928
921
930
931
936
929
932
934
1635
1657
912
932
933
934
971
930
935
936
918
922
917
920
956
919
923
955
918
940
950
949
920
926
930
925
928
964
927
931
963
926
944
958
957
928
934
1621
1634
933
936
972
935
971
1635
934
948
966
965
936
950
951
956
949
952
954
959
977
940
952
953
954
991
950
955
956
949
958
959
964
957
960
962
967
981
944
960
961
962
999
958
963
964
957
966
967
972
965
968
970
1671
1693
948
968
969
970
1007
966
971
972
954
958
953
956
992
955
959
991
954
976
986
985
956
962
966
961
964
1000
963
967
999
962
980
994
993
964
970
1657
1670
969
972
1008
971
1007
1671
970
984
1002
1001
972
986
987
992
985
988
990
995
1013
976
988
989
990
1027
986
991
992
985
994
995
1000
993
996
998
1003
1017
980
996
997
998
1035
994
999
1000
993
1002
1003
1008
1001
1004
1006
1707
1729
984
1004
1005
1006
1043
1002
1007
1008
990
994
989
992
1028
991
995
1027
990
1012
1022
1021
992
998
1002
997
1000
1036
999
1003
1035
998
1016
1030
1029
1000
1006
1693
1706
1005
1008
1044
1007
1043
1707
1006
1020
1038
1037
1008
1022
1023
1028
1021
1024
1026
1031
1049
1012
1024
1025
1026
1063
1022
1027
1028
1021
1030
1031
1036
1029
1032
1034
1039
1053
1016
1032
1033
1034
1071
1030
1035
1036
1029
1038
1039
1044
1037
1040
1042
1743
1765
1020
1040
1041
1042
1079
1038
1043
1044
1026
1030
1025
1028
1064
1027
1031
1063
1026
1048
1058
1057
1028
1034
1038
1033
1036
1072
1035
1039
1071
1034
1052
1066
1065
1036
1042
1729
1742
1041
1044
1080
1043
1079
1743
1042
1056
1074
1073
1044
1058
1059
1064
1057
1060
1062
1067
1085
1048
1060
1061
1062
1099
1058
1063
1064
1057
1066
1067
1072
1065
1068
1070
1075
1089
1052
1068
1069
1070
1107
1066
1071
1072
1065
1074
1075
1080
1073
1076
1078
1779
1801
1056
1076
1077
1078
1115
1074
1079
1080
1062
1066
1061
1064
1100
1063
1067
1099
1062
1084
1094
1093
1064
1070
1074
1069
1072
1108
1071
1075
1107
1070
1088
1102
1101
1072
1078
1765
1778
1077
1080
1116
1079
1115
1779
1078
1092
1110
1109
1080
1094
1095
1100
1093
1096
1098
1103
1121
1084
1096
1097
1098
1135
1094
1099
1100
1093
1102
1103
1108
1101
1104
1106
1111
1125
1088
1104
1105
1106
1143
1102
1107
1108
1101
1110
1111
1116
1109
1112
1114
1815
1837
1092
1112
1113
1114
1151
1110
1115
1116
1098
1102
1097
1100
1136
1099
1103
1135
1098
1120
1130
1129
1100
1106
1110
1105
1108
1144
1107
1111
1143
1106
1124
1138
1137
1108
1114
1801
1814
1113
1116
1152
1115
1151
1815
1114
1128
1146
1145
1116
1130
1131
1136
1129
1132
1134
1139
1157
1120
1132
1133
1134
1171
1130
1135
1136
1129
1138
1139
1144
1137
1140
1142
1147
1161
1124
1140
1141
1142
1179
1138
1143
1144
1137
1146
1147
1152
1145
1148
1150
1851
1873
1128
1148
1149
1150
1187
1146
1151
1152
1134
1138
1133
1136
1172
1135
1139
1171
1134
1156
1166
1165
1136
1142
1146
1141
1144
1180
1143
1147
1179
1142
1160
1174
1173
1144
1150
1837
1850
1149
1152
1188
1151
1187
1851
1150
1164
1182
1181
1152
1166
1167
1172
1165
1168
1170
1175
1193
1156
1168
1169
1170
1207
1166
1171
1172
1165
1174
1175
1180
1173
1176
1178
1183
1197
1160
1176
1177
1178
1215
1174
1179
1180
1173
1182
1183
1188
1181
1184
1186
1887
1909
1164
1184
1185
1186
1223
1182
1187
1188
1170
1174
1169
1172
1208
1171
1175
1207
1170
1192
1202
1201
1172
1178
1182
1177
1180
1216
1179
1183
1215
1178
1196
1210
1209
1180
1186
1873
1886
1185
1188
1224
1187
1223
1887
1186
1200
1218
1217
1188
1202
1203
1208
1201
1204
1206
1211
1229
1192
1204
1205
1206
1243
1202
1207
1208
1201
1210
1211
1216
1209
1212
1214
1219
1233
1196
1212
1213
1214
1251
1210
1215
1216
1209
1218
1219
1224
1217
1220
1222
1923
1945
1200
1220
1221
1222
1259
1218
1223
1224
1206
1210
1205
1208
1244
1207
1211
1243
1206
1228
1238
1237
1208
1214
1218
1213
1216
1252
1215
1219
1251
1214
1232
1246
1245
1216
1222
1909
1922
1221
1224
1260
1223
1259
1923
1222
1236
1254
1253
1224
1238
1239
1244
1237
1240
1242
1247
1265
1228
1240
1241
1242
1279
1238
1243
1244
1237
1246
1247
1252
1245
1248
1250
1255
1269
1232
1248
1249
1250
1287
1246
1251
1252
1245
1254
1255
1260
1253
1256
1258
1959
1981
1236
1256
1257
1258
1295
1254
1259
1260
1242
1246
1241
1244
1280
1243
1247
1279
1242
1264
1274
1273
1244
1250
1254
1249
1252
1288
1251
1255
1287
1250
1268
1282
1281
1252
1258
1945
1958
1257
1260
1296
1259
1295
1959
1258
1272
1290
1289
1260
1274
1275
1280
1273
1276
1278
1283
1301
1264
1276
1277
1278
1315
1274
1279
1280
1273
1282
1283
1288
1281
1284
1286
1291
1305
1268
1284
1285
1286
1323
1282
1287
1288
1281
1290
1291
1296
1289
1292
1294
1995
2017
1272
1292
1293
1294
1331
1290
1295
1296
1278
1282
1277
1280
1316
1279
1283
1315
1278
1300
1310
1309
1280
1286
1290
1285
1288
1324
1287
1291
1323
1286
1304
1318
1317
1288
1294
1981
1994
1293
1296
1332
1295
1331
1995
1294
1308
1326
1325
1296
1310
1311
1316
1309
1312
1314
1319
1337
1300
1312
1313
1314
1351
1310
1315
1316
1309
1318
1319
1324
1317
1320
1322
1327
1341
1304
1320
1321
1322
1359
1318
1323
1324
1317
1326
1327
1332
1325
1328
1330
2031
2053
1308
1328
1329
1330
1367
1326
1331
1332
1314
1318
1313
1316
1352
1315
1319
1351
1314
1336
1346
1345
1316
1322
1326
1321
1324
1360
1323
1327
1359
1322
1340
1354
1353
1324
1330
2017
2030
1329
1332
1368
1331
1367
2031
1330
1344
1362
1361
1332
1346
1347
1352
1345
1348
1350
1355
1373
1336
1348
1349
1350
1387
1346
1351
1352
1345
1354
1355
1360
1353
1356
1358
1363
1377
1340
1356
1357
1358
1395
1354
1359
1360
1353
1362
1363
1368
1361
1364
1366
2067
2089
1344
1364
1365
1366
1403
1362
1367
1368
1350
1354
1349
1352
1388
1351
1355
1387
1350
1372
1382
1381
1352
1358
1362
1357
1360
1396
1359
1363
1395
1358
1376
1390
1389
1360
1366
2053
2066
1365
1368
1404
1367
1403
2067
1366
1380
1398
1397
1368
1382
1383
1388
1381
1384
1386
1391
1409
1372
1384
1385
1386
1423
1382
1387
1388
1381
1390
1391
1396
1389
1392
1394
1399
1413
1376
1392
1393
1394
1431
1390
1395
1396
1389
1398
1399
1404
1397
1400
1402
2103
2125
1380
1400
1401
1402
1439
1398
1403
1404
1386
1390
1385
1388
1424
1387
1391
1423
1386
1408
1418
1417
1388
1394
1398
1393
1396
1432
1395
1399
1431
1394
1412
1426
1425
1396
1402
2089
2102
1401
1404
1440
1403
1439
2103
1402
1416
1434
1433
1404
1418
1419
1424
1417
1420
1422
1427
1408
1420
1421
1422
1418
1423
1424
1417
1426
1427
1432
1425
1428
1430
1435
1412
1428
1429
1430
1426
1431
1432
1425
1434
1435
1440
1433
1436
1438
2139
1416
1436
1437
1438
1434
1439
1440
1422
1426
1421
1424
1423
1427
1422
1424
1430
1434
1429
1432
1431
1435
1430
1432
1438
2125
2138
1437
1440
1439
2139
1438
1440
1454
1455
1460
1453
1456
1458
1463
1481
1444
1456
1457
1458
1495
1454
1459
1460
1453
1462
1463
1468
1461
1464
1466
1471
1485
1448
1464
1465
1466
1503
1462
1467
1468
1461
1470
1471
1476
1469
1472
1474
2175
2197
1452
1472
1473
1474
1511
1470
1475
1476
1458
1462
1457
1460
1496
1459
1463
1495
1458
1480
1490
1489
1460
1466
1470
1465
1468
1504
1467
1471
1503
1466
1484
1498
1497
1468
1474
2161
2174
1473
1476
1512
1475
1511
2175
1474
1488
1506
1505
1476
1490
1491
1496
1489
1492
1494
1499
1517
1480
1492
1493
1494
1531
1490
1495
1496
1489
1498
1499
1504
1497
1500
1502
1507
1521
1484
1500
1501
1502
1539
1498
1503
1504
1497
1506
1507
1512
1505
1508
1510
2211
2233
1488
1508
1509
1510
1547
1506
1511
1512
1494
1498
1493
1496
1532
1495
1499
1531
1494
1516
1526
1525
1496
1502
1506
1501
1504
1540
1503
1507
1539
1502
1520
1534
1533
1504
1510
2197
2210
1509
1512
1548
1511
1547
2211
1510
1524
1542
1541
1512
1526
1527
1532
1525
1528
1530
1535
1553
1516
1528
1529
1530
1567
1526
1531
1532
1525
1534
1535
1540
1533
1536
1538
1543
1557
1520
1536
1537
1538
1575
1534
1539
1540
1533
1542
1543
1548
1541
1544
1546
2247
2269
1524
1544
1545
1546
1583
1542
1547
1548
1530
1534
1529
1532
1568
1531
1535
1567
1530
1552
1562
1561
1532
1538
1542
1537
1540
1576
1539
1543
1575
1538
1556
1570
1569
1540
1546
2233
2246
1545
1548
1584
1547
1583
2247
1546
1560
1578
1577
1548
1562
1563
1568
1561
1564
1566
1571
1589
1552
1564
1565
1566
1603
1562
1567
1568
1561
1570
1571
1576
1569
1572
1574
1579
1593
1556
1572
1573
1574
1611
1570
1575
1576
1569
1578
1579
1584
1577
1580
1582
2283
2305
1560
1580
1581
1582
1619
1578
1583
1584
1566
1570
1565
1568
1604
1567
1571
1603
1566
1588
1598
1597
1568
1574
1578
1573
1576
1612
1575
1579
1611
1574
1592
1606
1605
1576
1582
2269
2282
1581
1584
1620
1583
1619
2283
1582
1596
1614
1613
1584
1598
1599
1604
1597
1600
1602
1607
1625
1588
1600
1601
1602
1639
1598
1603
1604
1597
1606
1607
1612
1605
1608
1610
1615
1629
1592
1608
1609
1610
1647
1606
1611
1612
1605
1614
1615
1620
1613
1616
1618
2319
2341
1596
1616
1617
1618
1655
1614
1619
1620
1602
1606
1601
1604
1640
1603
1607
1639
1602
1624
1634
1633
1604
1610
1614
1609
1612
1648
1611
1615
1647
1610
1628
1642
1641
1612
1618
2305
2318
1617
1620
1656
1619
1655
2319
1618
1632
1650
1649
1620
1634
1635
1640
1633
1636
1638
1643
1661
1624
1636
1637
1638
1675
1634
1639
1640
1633
1642
1643
1648
1641
1644
1646
1651
1665
1628
1644
1645
1646
1683
1642
1647
1648
1641
1650
1651
1656
1649
1652
1654
2355
2377
1632
1652
1653
1654
1691
1650
1655
1656
1638
1642
1637
1640
1676
1639
1643
1675
1638
1660
1670
1669
1640
1646
1650
1645
1648
1684
1647
1651
1683
1646
1664
1678
1677
1648
1654
2341
2354
1653
1656
1692
1655
1691
2355
1654
1668
1686
1685
1656
1670
1671
1676
1669
1672
1674
1679
1697
1660
1672
1673
1674
1711
1670
1675
1676
1669
1678
1679
1684
1677
1680
1682
1687
1701
1664
1680
1681
1682
1719
1678
1683
1684
1677
1686
1687
1692
1685
1688
1690
2391
2413
1668
1688
1689
1690
1727
1686
1691
1692
1674
1678
1673
1676
1712
1675
1679
1711
1674
1696
1706
1705
1676
1682
1686
1681
1684
1720
1683
1687
1719
1682
1700
1714
1713
1684
1690
2377
2390
1689
1692
1728
1691
1727
2391
1690
1704
1722
1721
1692
1706
1707
1712
1705
1708
1710
1715
1733
1696
1708
1709
1710
1747
1706
1711
1712
1705
1714
1715
1720
1713
1716
1718
1723
1737
1700
1716
1717
1718
1755
1714
1719
1720
1713
1722
1723
1728
1721
1724
1726
2427
2449
1704
1724
1725
1726
1763
1722
1727
1728
1710
1714
1709
1712
1748
1711
1715
1747
1710
1732
1742
1741
1712
1718
1722
1717
1720
1756
1719
1723
1755
1718
1736
1750
1749
1720
1726
2413
2426
1725
1728
1764
1727
1763
2427
1726
1740
1758
1757
1728
1742
1743
1748
1741
1744
1746
1751
1769
1732
1744
1745
1746
1783
1742
1747
1748
1741
1750
1751
1756
1749
1752
1754
1759
1773
1736
1752
1753
1754
1791
1750
1755
1756
1749
1758
1759
1764
1757
1760
1762
2463
2485
1740
1760
1761
1762
1799
1758
1763
1764
1746
1750
1745
1748
1784
1747
1751
1783
1746
1768
1778
1777
1748
1754
1758
1753
1756
1792
1755
1759
1791
1754
1772
1786
1785
1756
1762
2449
2462
1761
1764
1800
1763
1799
2463
1762
1776
1794
1793
1764
1778
1779
1784
1777
1780
1782
1787
1805
1768
1780
1781
1782
1819
1778
1783
1784
1777
1786
1787
1792
1785
1788
1790
1795
1809
1772
1788
1789
1790
1827
1786
1791
1792
1785
1794
1795
1800
1793
1796
1798
2499
2521
1776
1796
1797
1798
1835
1794
1799
1800
1782
1786
1781
1784
1820
1783
1787
1819
1782
1804
1814
1813
1784
1790
1794
1789
1792
1828
1791
1795
1827
1790
1808
1822
1821
1792
1798
2485
2498
1797
1800
1836
1799
1835
2499
1798
1812
1830
1829
1800
1814
1815
1820
1813
1816
1818
1823
1841
1804
1816
1817
1818
1855
1814
1819
1820
1813
1822
1823
1828
1821
1824
1826
1831
1845
1808
1824
1825
1826
1863
1822
1827
1828
1821
1830
1831
1836
1829
1832
1834
2535
2557
1812
1832
1833
1834
1871
1830
1835
1836
1818
1822
1817
1820
1856
1819
1823
1855
1818
1840
1850
1849
1820
1826
1830
1825
1828
1864
1827
1831
1863
1826
1844
1858
1857
1828
1834
2521
2534
1833
1836
1872
1835
1871
2535
1834
1848
1866
1865
1836
1850
1851
1856
1849
1852
1854
1859
1877
1840
1852
1853
1854
1891
1850
1855
1856
1849
1858
1859
1864
1857
1860
1862
1867
1881
1844
1860
1861
1862
1899
1858
1863
1864
1857
1866
1867
1872
1865
1868
1870
2571
2593
1848
1868
1869
1870
1907
1866
1871
1872
1854
1858
1853
1856
1892
1855
1859
1891
1854
1876
1886
1885
1856
1862
1866
1861
1864
1900
1863
1867
1899
1862
1880
1894
1893
1864
1870
2557
2570
1869
1872
1908
1871
1907
2571
1870
1884
1902
1901
1872
1886
1887
1892
1885
1888
1890
1895
1913
1876
1888
1889
1890
1927
1886
1891
1892
1885
1894
1895
1900
1893
1896
1898
1903
1917
1880
1896
1897
1898
1935
1894
1899
1900
1893
1902
1903
1908
1901
1904
1906
2607
2629
1884
1904
1905
1906
1943
1902
1907
1908
1890
1894
1889
1892
1928
1891
1895
1927
1890
1912
1922
1921
1892
1898
1902
1897
1900
1936
1899
1903
1935
1898
1916
1930
1929
1900
1906
2593
2606
1905
1908
1944
1907
1943
2607
1906
1920
1938
1937
1908
1922
1923
1928
1921
1924
1926
1931
1949
1912
1924
1925
1926
1963
1922
1927
1928
1921
1930
1931
1936
1929
1932
1934
1939
1953
1916
1932
1933
1934
1971
1930
1935
1936
1929
1938
1939
1944
1937
1940
1942
2643
2665
1920
1940
1941
1942
1979
1938
1943
1944
1926
1930
1925
1928
1964
1927
1931
1963
1926
1948
1958
1957
1928
1934
1938
1933
1936
1972
1935
1939
1971
1934
1952
1966
1965
1936
1942
2629
2642
1941
1944
1980
1943
1979
2643
1942
1956
1974
1973
1944
1958
1959
1964
1957
1960
1962
1967
1985
1948
1960
1961
1962
1999
1958
1963
1964
1957
1966
1967
1972
1965
1968
1970
1975
1989
1952
1968
1969
1970
2007
1966
1971
1972
1965
1974
1975
1980
1973
1976
1978
2679
2701
1956
1976
1977
1978
2015
1974
1979
1980
1962
1966
1961
1964
2000
1963
1967
1999
1962
1984
1994
1993
1964
1970
1974
1969
1972
2008
1971
1975
2007
1970
1988
2002
2001
1972
1978
2665
2678
1977
1980
2016
1979
2015
2679
1978
1992
2010
2009
1980
1994
1995
2000
1993
1996
1998
2003
2021
1984
1996
1997
1998
2035
1994
1999
2000
1993
2002
2003
2008
2001
2004
2006
2011
2025
1988
2004
2005
2006
2043
2002
2007
2008
2001
2010
2011
2016
2009
2012
2014
2715
2737
1992
2012
2013
2014
2051
2010
2015
2016
1998
2002
1997
2000
2036
1999
2003
2035
1998
2020
2030
2029
2000
2006
2010
2005
2008
2044
2007
2011
2043
2006
2024
2038
2037
2008
2014
2701
2714
2013
2016
2052
2015
2051
2715
2014
2028
2046
2045
2016
2030
2031
2036
2029
2032
2034
2039
2057
2020
2032
2033
2034
2071
2030
2035
2036
2029
2038
2039
2044
2037
2040
2042
2047
2061
2024
2040
2041
2042
2079
2038
2043
2044
2037
2046
2047
2052
2045
2048
2050
2751
2773
2028
2048
2049
2050
2087
2046
2051
2052
2034
2038
2033
2036
2072
2035
2039
2071
2034
2056
2066
2065
2036
2042
2046
2041
2044
2080
2043
2047
2079
2042
2060
2074
2073
2044
2050
2737
2750
2049
2052
2088
2051
2087
2751
2050
2064
2082
2081
2052
2066
2067
2072
2065
2068
2070
2075
2093
2056
2068
2069
2070
2107
2066
2071
2072
2065
2074
2075
2080
2073
2076
2078
2083
2097
2060
2076
2077
2078
2115
2074
2079
2080
2073
2082
2083
2088
2081
2084
2086
2787
2809
2064
2084
2085
2086
2123
2082
2087
2088
2070
2074
2069
2072
2108
2071
2075
2107
2070
2092
2102
2101
2072
2078
2082
2077
2080
2116
2079
2083
2115
2078
2096
2110
2109
2080
2086
2773
2786
2085
2088
2124
2087
2123
2787
2086
2100
2118
2117
2088
2102
2103
2108
2101
2104
2106
2111
2129
2092
2104
2105
2106
2143
2102
2107
2108
2101
2110
2111
2116
2109
2112
2114
2119
2133
2096
2112
2113
2114
2151
2110
2115
2116
2109
2118
2119
2124
2117
2120
2122
2823
2845
2100
2120
2121
2122
2159
2118
2123
2124
2106
2110
2105
2108
2144
2107
2111
2143
2106
2128
2138
2137
2108
2114
2118
2113
2116
2152
2115
2119
2151
2114
2132
2146
2145
2116
2122
2809
2822
2121
2124
2160
2123
2159
2823
2122
2136
2154
2153
2124
2138
2139
2144
2137
2140
2142
2147
2128
2140
2141
2142
2138
2143
2144
2137
2146
2147
2152
2145
2148
2150
2155
2132
2148
2149
2150
2146
2151
2152
2145
2154
2155
2160
2153
2156
2158
2859
2136
2156
2157
2158
2154
2159
2160
2142
2146
2141
2144
2143
2147
2142
2144
2150
2154
2149
2152
2151
2155
2150
2152
2158
2845
2858
2157
2160
2159
2859
2158
2160
2174
2175
2180
2173
2176
2178
2183
2201
2164
2176
2177
2178
2215
2174
2179
2180
2173
2182
2183
2188
2181
2184
2186
2191
2205
2168
2184
2185
2186
2223
2182
2187
2188
2181
2190
2191
2196
2189
2192
2194
2172
2192
2193
2194
2231
2190
2195
2196
2178
2182
2177
2180
2216
2179
2183
2215
2178
2200
2210
2209
2180
2186
2190
2185
2188
2224
2187
2191
2223
2186
2204
2218
2217
2188
2194
2193
2196
2232
2195
2231
2194
2208
2226
2225
2196
2210
2211
2216
2209
2212
2214
2219
2237
2200
2212
2213
2214
2251
2210
2215
2216
2209
2218
2219
2224
2217
2220
2222
2227
2241
2204
2220
2221
2222
2259
2218
2223
2224
2217
2226
2227
2232
2225
2228
2230
2208
2228
2229
2230
2267
2226
2231
2232
2214
2218
2213
2216
2252
2215
2219
2251
2214
2236
2246
2245
2216
2222
2226
2221
2224
2260
2223
2227
2259
2222
2240
2254
2253
2224
2230
2229
2232
2268
2231
2267
2230
2244
2262
2261
2232
2246
2247
2252
2245
2248
2250
2255
2273
2236
2248
2249
2250
2287
2246
2251
2252
2245
2254
2255
2260
2253
2256
2258
2263
2277
2240
2256
2257
2258
2295
2254
2259
2260
2253
2262
2263
2268
2261
2264
2266
2244
2264
2265
2266
2303
2262
2267
2268
2250
2254
2249
2252
2288
2251
2255
2287
2250
2272
2282
2281
2252
2258
2262
2257
2260
2296
2259
2263
2295
2258
2276
2290
2289
2260
2266
2265
2268
2304
2267
2303
2266
2280
2298
2297
2268
2282
2283
2288
2281
2284
2286
2291
2309
2272
2284
2285
2286
2323
2282
2287
2288
2281
2290
2291
2296
2289
2292
2294
2299
2313
2276
2292
2293
2294
2331
2290
2295
2296
2289
2298
2299
2304
2297
2300
2302
2280
2300
2301
2302
2339
2298
2303
2304
2286
2290
2285
2288
2324
2287
2291
2323
2286
2308
2318
2317
2288
2294
2298
2293
2296
2332
2295
2299
2331
2294
2312
2326
2325
2296
2302
2301
2304
2340
2303
2339
2302
2316
2334
2333
2304
2318
2319
2324
2317
2320
2322
2327
2345
2308
2320
2321
2322
2359
2318
2323
2324
2317
2326
2327
2332
2325
2328
2330
2335
2349
2312
2328
2329
2330
2367
2326
2331
2332
2325
2334
2335
2340
2333
2336
2338
2316
2336
2337
2338
2375
2334
2339
2340
2322
2326
2321
2324
2360
2323
2327
2359
2322
2344
2354
2353
2324
2330
2334
2329
2332
2368
2331
2335
2367
2330
2348
2362
2361
2332
2338
2337
2340
2376
2339
2375
2338
2352
2370
2369
2340
2354
2355
2360
2353
2356
2358
2363
2381
2344
2356
2357
2358
2395
2354
2359
2360
2353
2362
2363
2368
2361
2364
2366
2371
2385
2348
2364
2365
2366
2403
2362
2367
2368
2361
2370
2371
2376
2369
2372
2374
2352
2372
2373
2374
2411
2370
2375
2376
2358
2362
2357
2360
2396
2359
2363
2395
2358
2380
2390
2389
2360
2366
2370
2365
2368
2404
2367
2371
2403
2366
2384
2398
2397
2368
2374
2373
2376
2412
2375
2411
2374
2388
2406
2405
2376
2390
2391
2396
2389
2392
2394
2399
2417
2380
2392
2393
2394
2431
2390
2395
2396
2389
2398
2399
2404
2397
2400
2402
2407
2421
2384
2400
2401
2402
2439
2398
2403
2404
2397
2406
2407
2412
2405
2408
2410
2388
2408
2409
2410
2447
2406
2411
2412
2394
2398
2393
2396
2432
2395
2399
2431
2394
2416
2426
2425
2396
2402
2406
2401
2404
2440
2403
2407
2439
2402
2420
2434
2433
2404
2410
2409
2412
2448
2411
2447
2410
2424
2442
2441
2412
2426
2427
2432
2425
2428
2430
2435
2453
2416
2428
2429
2430
2467
2426
2431
2432
2425
2434
2435
2440
2433
2436
2438
2443
2457
2420
2436
2437
2438
2475
2434
2439
2440
2433
2442
2443
2448
2441
2444
2446
2424
2444
2445
2446
2483
2442
2447
2448
2430
2434
2429
2432
2468
2431
2435
2467
2430
2452
2462
2461
2432
2438
2442
2437
2440
2476
2439
2443
2475
2438
2456
2470
2469
2440
2446
2445
2448
2484
2447
2483
2446
2460
2478
2477
2448
2462
2463
2468
2461
2464
2466
2471
2489
2452
2464
2465
2466
2503
2462
2467
2468
2461
2470
2471
2476
2469
2472
2474
2479
2493
2456
2472
2473
2474
2511
2470
2475
2476
2469
2478
2479
2484
2477
2480
2482
2460
2480
2481
2482
2519
2478
2483
2484
2466
2470
2465
2468
2504
2467
2471
2503
2466
2488
2498
2497
2468
2474
2478
2473
2476
2512
2475
2479
2511
2474
2492
2506
2505
2476
2482
2481
2484
2520
2483
2519
2482
2496
2514
2513
2484
2498
2499
2504
2497
2500
2502
2507
2525
2488
2500
2501
2502
2539
2498
2503
2504
2497
2506
2507
2512
2505
2508
2510
2515
2529
2492
2508
2509
2510
2547
2506
2511
2512
2505
2514
2515
2520
2513
2516
2518
2496
2516
2517
2518
2555
2514
2519
2520
2502
2506
2501
2504
2540
2503
2507
2539
2502
2524
2534
2533
2504
2510
2514
2509
2512
2548
2511
2515
2547
2510
2528
2542
2541
2512
2518
2517
2520
2556
2519
2555
2518
2532
2550
2549
2520
2534
2535
2540
2533
2536
2538
2543
2561
2524
2536
2537
2538
2575
2534
2539
2540
2533
2542
2543
2548
2541
2544
2546
2551
2565
2528
2544
2545
2546
2583
2542
2547
2548
2541
2550
2551
2556
2549
2552
2554
2532
2552
2553
2554
2591
2550
2555
2556
2538
2542
2537
2540
2576
2539
2543
2575
2538
2560
2570
2569
2540
2546
2550
2545
2548
2584
2547
2551
2583
2546
2564
2578
2577
2548
2554
2553
2556
2592
2555
2591
2554
2568
2586
2585
2556
2570
2571
2576
2569
2572
2574
2579
2597
2560
2572
2573
2574
2611
2570
2575
2576
2569
2578
2579
2584
2577
2580
2582
2587
2601
2564
2580
2581
2582
2619
2578
2583
2584
2577
2586
2587
2592
2585
2588
2590
2568
2588
2589
2590
2627
2586
2591
2592
2574
2578
2573
2576
2612
2575
2579
2611
2574
2596
2606
2605
2576
2582
2586
2581
2584
2620
2583
2587
2619
2582
2600
2614
2613
2584
2590
2589
2592
2628
2591
2627
2590
2604
2622
2621
2592
2606
2607
2612
2605
2608
2610
2615
2633
2596
2608
2609
2610
2647
2606
2611
2612
2605
2614
2615
2620
2613
2616
2618
2623
2637
2600
2616
2617
2618
2655
2614
2619
2620
2613
2622
2623
2628
2621
2624
2626
2604
2624
2625
2626
2663
2622
2627
2628
2610
2614
2609
2612
2648
2611
2615
2647
2610
2632
2642
2641
2612
2618
2622
2617
2620
2656
2619
2623
2655
2618
2636
2650
2649
2620
2626
2625
2628
2664
2627
2663
2626
2640
2658
2657
2628
2642
2643
2648
2641
2644
2646
2651
2669
2632
2644
2645
2646
2683
2642
2647
2648
2641
2650
2651
2656
2649
2652
2654
2659
2673
2636
2652
2653
2654
2691
2650
2655
2656
2649
2658
2659
2664
2657
2660
2662
2640
2660
2661
2662
2699
2658
2663
2664
2646
2650
2645
2648
2684
2647
2651
2683
2646
2668
2678
2677
2648
2654
2658
2653
2656
2692
2655
2659
2691
2654
2672
2686
2685
2656
2662
2661
2664
2700
2663
2699
2662
2676
2694
2693
2664
2678
2679
2684
2677
2680
2682
2687
2705
2668
2680
2681
2682
2719
2678
2683
2684
2677
2686
2687
2692
2685
2688
2690
2695
2709
2672
2688
2689
2690
2727
2686
2691
2692
2685
2694
2695
2700
2693
2696
2698
2676
2696
2697
2698
2735
2694
2699
2700
2682
2686
2681
2684
2720
2683
2687
2719
2682
2704
2714
2713
2684
2690
2694
2689
2692
2728
2691
2695
2727
2690
2708
2722
2721
2692
2698
2697
2700
2736
2699
2735
2698
2712
2730
2729
2700
2714
2715
2720
2713
2716
2718
2723
2741
2704
2716
2717
2718
2755
2714
2719
2720
2713
2722
2723
2728
2721
2724
2726
2731
2745
2708
2724
2725
2726
2763
2722
2727
2728
2721
2730
2731
2736
2729
2732
2734
2712
2732
2733
2734
2771
2730
2735
2736
2718
2722
2717
2720
2756
2719
2723
2755
2718
2740
2750
2749
2720
2726
2730
2725
2728
2764
2727
2731
2763
2726
2744
2758
2757
2728
2734
2733
2736
2772
2735
2771
2734
2748
2766
2765
2736
2750
2751
2756
2749
2752
2754
2759
2777
2740
2752
2753
2754
2791
2750
2755
2756
2749
2758
2759
2764
2757
2760
2762
2767
2781
2744
2760
2761
2762
2799
2758
2763
2764
2757
2766
2767
2772
2765
2768
2770
2748
2768
2769
2770
2807
2766
2771
2772
2754
2758
2753
2756
2792
2755
2759
2791
2754
2776
2786
2785
2756
2762
2766
2761
2764
2800
2763
2767
2799
2762
2780
2794
2793
2764
2770
2769
2772
2808
2771
2807
2770
2784
2802
2801
2772
2786
2787
2792
2785
2788
2790
2795
2813
2776
2788
2789
2790
2827
2786
2791
2792
2785
2794
2795
2800
2793
2796
2798
2803
2817
2780
2796
2797
2798
2835
2794
2799
2800
2793
2802
2803
2808
2801
2804
2806
2784
2804
2805
2806
2843
2802
2807
2808
2790
2794
2789
2792
2828
2791
2795
2827
2790
2812
2822
2821
2792
2798
2802
2797
2800
2836
2799
2803
2835
2798
2816
2830
2829
2800
2806
2805
2808
2844
2807
2843
2806
2820
2838
2837
2808
2822
2823
2828
2821
2824
2826
2831
2849
2812
2824
2825
2826
2863
2822
2827
2828
2821
2830
2831
2836
2829
2832
2834
2839
2853
2816
2832
2833
2834
2871
2830
2835
2836
2829
2838
2839
2844
2837
2840
2842
2820
2840
2841
2842
2879
2838
2843
2844
2826
2830
2825
2828
2864
2827
2831
2863
2826
2848
2858
2857
2828
2834
2838
2833
2836
2872
2835
2839
2871
2834
2852
2866
2865
2836
2842
2841
2844
2880
2843
2879
2842
2856
2874
2873
2844
2858
2859
2864
2857
2860
2862
2867
2848
2860
2861
2862
2858
2863
2864
2857
2866
2867
2872
2865
2868
2870
2875
2852
2868
2869
2870
2866
2871
2872
2865
2874
2875
2880
2873
2876
2878
2856
2876
2877
2878
2874
2879
2880
2862
2866
2861
2864
2863
2867
2862
2864
2870
2874
2869
2872
2871
2875
2870
2872
2878
2877
2880
2879
2878
2880
